PI: 3.141696000000
Precision: 0.000103346410
