PI: 3.141696000000
Precision: 0.000103346410
-f not passed, so not writing image to file.
